No	Type	Inst[30]	Inst[14:12]	Inst[6:2]	BrEq	BrLT	PCsel	ImmSel	RegWEn	BrUn	Bsel	Asel	ALUSel	MemRW	DataIn	Dataoutaddi	Wbsel
	R																
0	ADD	0	000	01100	x	x	0	000	1	0	0	0	0000	0	00	000	01
1	SUB	1	000	01100	x	x	0	000	1	0	0	0	1000	0	00	000	01
2	SLL	0	001	01100	x	x	0	000	1	0	0	0	0001	0	00	000	01
3	SLT	0	010	01100	x	x	0	000	1	0	0	0	0010	0	00	000	01
4	SLTU	0	011	01100	x	x	0	000	1	0	0	0	0011	0	00	000	01
5	XOR	0	100	01100	x	x	0	000	1	0	0	0	0100	0	00	000	01
6	SRL	0	101	01100	x	x	0	000	1	0	0	0	0101	0	00	000	01
7	SRA	1	101	01100	x	x	0	000	1	0	0	0	1101	0	00	000	01
8	OR	0	110	01100	x	x	0	000	1	0	0	0	0110	0	00	000	01
9	AND	0	111	01100	x	x	0	000	1	0	0	0	0111	0	00	000	01
	I																
10	addi	X	000	00100	x	x	0	000	1	0	1	0	0000	0	00	000	01
11	slti	X	010	00100	x	x	0	000	1	0	1	0	0010	0	00	000	01
12	sltiu	X	011	00100	x	x	0	000	1	0	1	0	0011	0	00	000	01
13	xori	X	100	00100	x	x	0	000	1	0	1	0	0100	0	00	000	01
14	ori	X	110	00100	x	x	0	000	1	0	1	0	0110	0	00	000	01
15	andi	X	111	00100	x	x	0	000	1	0	1	0	0111	0	00	000	01
16	slli	0	001	00100	x	x	0	000	1	0	1	0	0001	0	00	000	01
17	srli	0	101	00100	x	x	0	000	1	0	1	0	0101	0	00	000	01
18	srai	1	101	00100	x	x	0	000	1	0	1	0	1101	0	00	000	01
	I																
19	lb	X	000	00000	x	x	0	000	1	0	1	0	0000	0	00	000	00
20	lh	X	010	00000	x	x	0	000	1	0	1	0	0000	0	00	000	00
21	lw	X	011	00000	x	x	0	000	1	0	1	0	0000	0	00	000	00
22	lbu	X	100	00000	x	x	0	000	1	0	1	0	0000	0	00	000	00
23	lhu	X	110	00000	x	x	0	000	1	0	1	0	0000	0	00	000	00
	S																
24	sb	X	000	01000	x	x	0	001	0	0	1	0	0000	1	00	000	00
25	sh	X	001	01000	x	x	0	001	0	0	1	0	0000	1	00	000	00
26	sw	X	010	01000	x	x	0	001	0	0	1	0	0000	1	00	000	00
	B																
27	BEQ	X	000	11000	x	x	0	010	0	1	1	1	0000	0	00	000	00
28	BNE	X	001	11000	x	x	0	010	0	1	1	1	0000	0	00	000	00
29	BLT	X	100	11000	x	x	0	010	0	1	1	1	0000	0	00	000	00
30	BGE	X	101	11000	x	x	0	010	0	1	1	1	0000	0	00	000	00
31	BLTU	X	110	11000	x	x	0	010	0	0	1	1	0000	0	00	000	00
32	BGEU	X	111	11000	x	x	0	010	0	0	1	1	0000	0	00	000	00
	U																
33	LUI	X	X	01101			0	011	1	0	1	0	1111	0	00	000	01
34	AUIPC	X	X	00101			0	011	1	0	1	1	0000	0	00	000	01
	J																
35	JAL	X	X	11011	x	x	1	101	1	0	1	1	0000	0	00	000	10
36	JALR	X	000	11001	x	x	1	100	1	0	1	0	0000	0	00	000	10
